%YAML:1.0
# Put you camera param here
#working.dir: /home/m/ws/src/camera_laser_calibration/
#images.dir: /home/m/ws/src/camera_laser_calibration/imgs
#laser_image_data.path: data/data.txt

#fx: 404.5337017698929
#fy: 404.85030992930444
#cx: 296.69880599308635
#cy: 272.0502551058445
#
#k1: -0.3271935419835578
#k2: 0.08485645915218631
#p1: -0.0014120013052523182
#p2: -0.0012464247545589473

fx: 410.741321520433
fy: 410.84566299125754
cx: 313.5588475730438
cy: 245.18622490655093

k1: -0.35013485272786493
k2: 0.10995463853987104
p1: -0.0015536807659894778
p2: 0.000746095343908784



